 3.46128065358102322e+03
 4.02711745385499671e+03
 4.87481098965392448e+03
 4.45945485731400549e+03
 6.08766162857192103e+03
 6.79742403148708399e+03
 3.02027076524496078e+03
 2.83388347862707451e+03
 3.77214599162002560e+03
 1.07359669078809675e+04
 1.45934646518470254e+04
 8.24588436918798834e+03
 1.03681485458849929e+04
 1.07540259977879468e+04
 5.70567951857508160e+03
 1.09651194070599740e+04
 2.77120204902696423e+03
 3.64806507585500367e+03
 1.60398528205989860e+04
 9.94940446971892379e+03
 2.67502200649899896e+03
 6.37591208646597806e+03
 3.23301712590720272e+04
 4.74923739328898955e+03
 2.11983574258303270e+03
 2.05054573566396721e+03
 1.76171811535190791e+04
 3.67649310174491256e+03
 5.26600143504794687e+03
 4.47093015631800517e+03
 7.75164900065795518e+03
 1.00389869526389521e+04
 8.70887178293394390e+03
 4.35567811987898313e+03
 5.94015784936200362e+03
 4.76503104473103303e+03
 3.53704471177293453e+03
 1.03940755957807414e+03
 3.47692196835391223e+03
 7.36349237577989697e+03
 5.43619838763959706e+02
 7.65745254578499589e+03
 1.09998775543289958e+04
 5.40988584708503913e+03
 3.83697607129695825e+03
 5.50869754906976596e+02
 4.24907965293701272e+03
 7.11792048605903983e+03
 2.24097222388000228e+03
 1.65111201475700364e+03
