 1.66489962151552817e-01
 1.67552617929102587e-01
 2.45244710477782346e-01
 2.49596586947059329e-01
 2.53780254651908510e-01
 2.53780549698734592e-01
 2.55984851550968506e-01
 2.57151206538897503e-01
 4.06316613905025048e-01
 5.39277518407426548e-01
 6.96951254812180787e-01
 7.92109626918302223e-01
 7.99051541207150273e-01
 8.19985504929407583e-01
 8.24307114777980132e-01
 8.45457097145639325e-01
 8.64226227076750453e-01
 8.75952708960673010e-01
 8.82140397012011968e-01
 8.88180854316037327e-01
 8.89682233564773162e-01
 9.03006715601654020e-01
 9.78886022022836477e-01
 9.95835956286472257e-01
 1.04769250979772166e+00
 1.06257099581392933e+00
 1.06393538235359597e+00
 1.06417539509122716e+00
 1.10059175124245390e+00
 1.11354209291238959e+00
 1.15247502556961834e+00
 1.16747621372595956e+00
 1.17607242510403176e+00
 1.21707568138129862e+00
 1.24697259491552814e+00
 1.34456657824834713e+00
 1.41076174677018917e+00
 1.51342012379791679e+00
 1.59111880684051821e+00
 1.62874555954226086e+00
 1.76123157413553733e+00
 2.00449020585781090e+00
 2.19948576673867047e+00
 3.26290220651661356e+00
 1.32973057073949015e+01
 1.42532776834378758e+01
 3.32555237815547713e+01
 2.85073862298873223e+02
 1.27252884564228407e+04
 3.94483873674878196e+04
