 3.21021417296500294e+03
 3.07255831616799696e+03
 3.68175374664599076e+03
 4.86824471278401325e+03
 3.94429657157295151e+03
 5.74157238866502303e+03
 4.00434395909996238e+03
 2.67398416037799325e+03
 1.34309699738420313e+04
 6.16342079284798820e+03
 5.74497353946600924e+03
 6.42526719798799604e+03
 6.84083165821200237e+03
 1.16625477199499728e+04
 1.24212831611919974e+04
 3.24224834128201474e+03
 8.26114435341994977e+03
 5.38275063747598324e+03
 1.02250218500499905e+04
 3.99052122324798256e+03
 7.81569018632400548e+03
 4.40737003106303746e+03
 4.11751468725502491e+03
 5.10083900960802566e+03
 3.70782109166000155e+04
 8.97099957253504544e+03
 1.32762784332560259e+04
 5.61790681227401365e+03
 3.69568607609596802e+03
 8.45647709399499581e+03
 7.88889765300799627e+03
 1.05788129319080035e+04
 9.75101773133399547e+03
 1.20522707010749727e+04
 1.64855764703499153e+03
 2.69890953409095528e+03
 3.95390514181900653e+03
 4.04496442879299866e+03
 3.87006433800197556e+03
 6.78194754727499094e+03
 3.98841321341501316e+03
 7.17888934125500964e+03
 1.60538068176899105e+03
 3.30256192287296290e+03
 7.66816106319893152e+01
 1.01115430154005298e+03
 8.07855425615498098e+03
 5.52168986742699053e+03
 9.12016309992992319e+02
 1.55866013699298492e+03
