 1.85047922928029435e-01
 1.87002094940551089e-01
 1.87447731985724564e-01
 1.87450478835160000e-01
 1.87455674439136855e-01
 1.89861494139496489e-01
 1.90050163577679954e-01
 1.90050163578057901e-01
 2.13382884406631390e-01
 3.29105328509354922e-01
 4.00437608596143024e-01
 5.57027936522812572e-01
 7.03704750925816191e-01
 7.14977363967105539e-01
 7.23825255199743278e-01
 8.40675689028520412e-01
 8.43692212156854193e-01
 8.44000538563484670e-01
 8.62081990460307868e-01
 9.11023406636903399e-01
 9.57748050791925265e-01
 9.97812576012469199e-01
 1.00331689481387909e+00
 1.02572179448488310e+00
 1.03373386931485722e+00
 1.08639393258239969e+00
 1.12728371879245892e+00
 1.12985086509334698e+00
 1.13821402005695260e+00
 1.14072671781667268e+00
 1.19923063398827923e+00
 1.22956291406848894e+00
 1.28700460286777885e+00
 1.29459350519424299e+00
 1.32203681550808438e+00
 1.39468235111570471e+00
 1.40350458922491517e+00
 1.46085353694487607e+00
 1.52462473119001385e+00
 1.55278879448720941e+00
 1.58344390377576394e+00
 1.66306037409008001e+00
 1.83094144200160702e+00
 2.29553832664482371e+00
 2.45349580662195743e+00
 3.40383176380747443e+00
 4.49373359287955232e+00
 2.35438921735665417e+02
 3.37090219285355488e+02
 2.35432718270420410e+04
