 2.28820388950803317e+03
 1.12942579515697435e+03
 2.38805107747891452e+03
 4.05557673247507773e+03
 2.39808607903099619e+03
 2.44641216970304959e+03
 2.57536953020305373e+03
 4.73243282580899540e+03
 3.97629970345611218e+03
 4.07813507108297199e+03
 2.04331377669307403e+03
 2.04413079184107482e+03
 1.09159959578450071e+04
 4.36977964422199875e+03
 3.45243294971599244e+03
 2.28894766209600493e+03
 4.47694476494204719e+03
 5.70496676969400141e+03
 4.15375479367701337e+03
 2.27359555424796417e+03
 3.67746649064403027e+03
 6.03488422544195782e+03
 1.52899122959107626e+03
 1.16635056238994002e+03
 1.15443271490698680e+03
 1.34638674223294947e+03
 2.40190583392209373e+03
 5.36920021771616302e+03
 5.51870847376890015e+03
 3.11624040321097709e+03
 1.94682575970503967e+03
 1.75995795702096075e+03
 1.84058888443186879e+03
 3.62017042629898060e+03
 8.71799377808091231e+03
 5.68313900468498468e+03
 2.65487510845402721e+03
 1.30671399298298638e+03
 2.78666724770710571e+04
 2.42800753662094940e+03
 5.84954469239001628e+03
 7.30104843138018623e+02
 6.36345990911801346e+03
 3.46099468896002509e+03
 5.63333868721197359e+03
 2.47581668719509616e+03
 2.47855800827499479e+03
 2.04649725119303912e+03
 3.02522158343927003e+02
 2.24319955666991882e+03
