 1.82272119446015457e-01
 1.82272120309894203e-01
 1.82272123628981653e-01
 1.82272129903533142e-01
 2.40794995696327979e-01
 2.52295247094534103e-01
 3.28620647141908417e-01
 3.89497727631092194e-01
 4.61818741048623194e-01
 4.68838282724281852e-01
 5.03508301038519512e-01
 7.91351799285109125e-01
 8.19365438587056349e-01
 8.21321704601405411e-01
 8.41182321168639779e-01
 8.70286623605998844e-01
 8.72890639777302302e-01
 8.73441446734995020e-01
 8.90519734136339336e-01
 8.92131729388671912e-01
 8.99525026964405727e-01
 9.11463203833569047e-01
 9.65247678864297187e-01
 9.80356327587602827e-01
 1.03314730179796466e+00
 1.05801416223106082e+00
 1.06250518494611024e+00
 1.06970340413866238e+00
 1.08402071342590700e+00
 1.08933996992209492e+00
 1.09342360796990179e+00
 1.09994383619025182e+00
 1.19450117369505460e+00
 1.22506532262447809e+00
 1.26555454523402133e+00
 1.37567262452935424e+00
 1.39338406391299241e+00
 1.40779816112161216e+00
 1.42858959211042591e+00
 1.45516189465719004e+00
 1.47661119263439078e+00
 1.48927489787937795e+00
 1.55013975803379411e+00
 1.57062781515980587e+00
 1.59162590520422365e+00
 3.01762711829345065e+00
 1.21490464781523357e+01
 1.48101625513567949e+01
 3.72091953907525749e+03
 7.49181977432622989e+03
