 4.50102282883203588e+03
 6.52825316488702083e+03
 4.45328083187399898e+03
 3.10868462952302070e+03
 3.70161079566396074e+03
 2.24597739954601275e+03
 5.26247451473498950e+03
 4.31666620001802221e+03
 3.95110230116598541e+03
 8.55229319458099781e+03
 3.01289140289000352e+03
 2.29331327518049511e+04
 2.00826924381610006e+04
 3.14755225200359710e+04
 1.08843610166779836e+04
 2.06698760939740459e+04
 6.40059695833298611e+03
 4.29873955581901828e+03
 3.02802891085200827e+03
 9.83490757533395663e+03
 1.73565117911298876e+03
 3.10342347886101925e+03
 2.96465324935998069e+03
 2.88503752279496985e+03
 5.50193905783601804e+03
 1.20221708695589914e+04
 5.64794816262699896e+03
 1.73883735849201912e+03
 1.09976108262080234e+04
 9.26557457403300214e+03
 4.14870270732097561e+03
 4.52251693092897767e+03
 3.97685356842499459e+03
 4.02559736625399091e+03
 8.50574502612702781e+03
 3.28374532588000875e+03
 3.26597892535402207e+03
 3.55632218007498886e+03
 1.05317284253600519e+03
 2.42789240295998752e+03
 2.67407938360501430e+03
 4.86229202164703747e+03
 7.72299221711300197e+03
 5.23831343016200117e+03
 1.52294214720170130e+04
 1.25639719931397121e+03
 1.35509479653849849e+04
 5.67660316519992193e+02
 5.31691720971197356e+03
 1.72040940304001560e+03
