 1.64857640543118356e-01
 1.64857640543169842e-01
 1.64857640543204870e-01
 1.64857640543457695e-01
 1.64857640543976419e-01
 1.68539419293630893e-01
 2.01591857144754472e-01
 2.68538567799830985e-01
 2.71440713642391307e-01
 2.72448844553800140e-01
 2.72560164278992989e-01
 3.23775788075770010e-01
 6.57229167389106639e-01
 7.31040018646708645e-01
 7.34767439774966169e-01
 7.93082048151211971e-01
 8.11515837456454170e-01
 9.36440346884185093e-01
 9.68830321995263199e-01
 9.84434047738193985e-01
 1.01356035846361459e+00
 1.08940446408814351e+00
 1.09847765904178041e+00
 1.10496775379507151e+00
 1.14062869428783964e+00
 1.14445135754984673e+00
 1.14754336920425892e+00
 1.15323406072545787e+00
 1.17971409758360246e+00
 1.33724787051677696e+00
 1.33789912673337796e+00
 1.35522416991082673e+00
 1.41175229621075760e+00
 1.44986217525956507e+00
 1.45353975060524299e+00
 1.49988205460752910e+00
 1.69797643387115316e+00
 1.74419725479442045e+00
 1.75799044827912110e+00
 1.76262147580940587e+00
 1.82611776107556656e+00
 2.62814175541762074e+00
 2.79968664732978212e+00
 3.69572938170547172e+00
 7.63162246507468822e+00
 2.57778532587921099e+01
 3.69297983110490762e+01
 4.27992298487454406e+01
 1.55498770316720822e+02
 5.99411757416678483e+02
