 1.65492456400351345e-01
 1.69665265500329759e-01
 2.20577897736371042e-01
 2.24727638323658413e-01
 3.31474327169216099e-01
 3.99640805914580510e-01
 4.41406385509121202e-01
 5.51194951381014819e-01
 6.56319678678506713e-01
 7.03710849079214884e-01
 7.13830472296665963e-01
 7.93833215062814235e-01
 8.31725769727853392e-01
 8.46628014678476370e-01
 8.69690869943273270e-01
 8.77252423489036315e-01
 9.09258513794699796e-01
 9.40737221192721518e-01
 9.95502896262606907e-01
 1.07898239323588752e+00
 1.09739329274331965e+00
 1.10936532620859474e+00
 1.13992186744173352e+00
 1.14396677404567981e+00
 1.14565566597794910e+00
 1.17822460958784014e+00
 1.27122628325134679e+00
 1.29306532578066657e+00
 1.30179472515656736e+00
 1.32833553420112782e+00
 1.33180395139597474e+00
 1.34565487955370600e+00
 1.35558308259324867e+00
 1.40595524537424899e+00
 1.43983202775198893e+00
 1.52622949058978064e+00
 1.58158723326564687e+00
 1.61341878964538310e+00
 1.70442656763048017e+00
 3.60894391604260090e+00
 3.65025635507988166e+00
 5.42488743825015618e+00
 1.69021034391929774e+01
 3.49624328784001023e+02
 3.92061740311362485e+02
 5.15611933622514584e+02
 5.83837495555944543e+02
 9.68407915785422347e+02
 1.70332258577419748e+03
 3.35639154524286641e+03
