 2.49433520561200567e+03
 3.41239405023003928e+03
 3.58280072938092053e+03
 5.14205578039190732e+03
 3.83664832448796369e+03
 2.80326889814506285e+03
 3.42995807723503094e+03
 3.94962208421796095e+03
 9.74263589248503558e+03
 3.08314552730997093e+03
 4.75106695481901988e+03
 1.29014815225639613e+04
 3.21161415768496227e+03
 7.00395486091100611e+03
 1.07992233687529806e+04
 8.14923110824998002e+03
 7.29142468783899676e+03
 3.85451585685403552e+03
 9.75345797534799203e+03
 1.15397485448300140e+04
 3.90478908792103175e+03
 7.97783869164006319e+03
 8.13958746999397408e+03
 3.57252511128294282e+03
 4.23273156949004624e+03
 4.00306891045498196e+03
 2.26278208799101412e+03
 3.31747123691800516e+03
 2.25986937347496860e+03
 1.17446028742290800e+04
 7.72771915256802458e+03
 2.39958478570530424e+04
 5.66152503334498033e+03
 3.80045060381502844e+03
 1.74529908660430228e+04
 3.34749043151200749e+03
 6.51497422372491565e+03
 5.78268457410298288e+03
 2.64539911824592855e+03
 1.45263625309197232e+03
 5.70506411767203826e+03
 5.05751975893997587e+03
 3.46650167676201090e+03
 3.20692741726059467e+02
 1.34886150823999196e+03
 3.44377962083497550e+03
 4.23577600103802979e+03
 1.03481680640601553e+03
 1.79851267825195100e+03
 8.98614203023957089e+02
