 2.15527562771153564e-01
 2.15527562771208159e-01
 2.15527562771498343e-01
 2.15527562771504699e-01
 2.15527562771530568e-01
 2.15527562771777870e-01
 2.15527562772431097e-01
 2.16368294736094341e-01
 2.40311413689732190e-01
 2.48842138438373189e-01
 2.80491675472307689e-01
 5.22510399697244887e-01
 5.64044415008473465e-01
 6.34302597664992085e-01
 8.28811071932057830e-01
 8.60695697823387285e-01
 9.94390627692992357e-01
 1.00051338244936150e+00
 1.08727407946696442e+00
 1.11838405049533662e+00
 1.12010832551205053e+00
 1.18127083439872060e+00
 1.18227261824394603e+00
 1.18501248711918450e+00
 1.20510043260955468e+00
 1.22347738400966843e+00
 1.23759542615268781e+00
 1.25025150758080716e+00
 1.27206799839682883e+00
 1.29219116539509460e+00
 1.31393163747717567e+00
 1.38647155558771895e+00
 1.43449110344601416e+00
 1.45870131027079397e+00
 1.49244423759862443e+00
 1.60472372953943987e+00
 1.64025277348641696e+00
 1.67183495468267407e+00
 1.72371864534412489e+00
 1.78338633946159830e+00
 1.83200656294348829e+00
 1.86275970297838289e+00
 1.95469560384623664e+00
 2.07893606577022538e+00
 4.71559935311361755e+00
 6.98103783665326905e+00
 7.17799963305616640e+00
 1.06299754472424066e+01
 6.00304524645082083e+01
 7.29302507653450789e+01
