 1.85571023443807964e-01
 1.87070495508739582e-01
 1.88067249789922952e-01
 1.88067249929436076e-01
 1.88081440849312193e-01
 2.42705705187016008e-01
 2.51144494685741515e-01
 2.52308536535183869e-01
 5.43328636569731294e-01
 6.07502507943834869e-01
 6.54245015953914155e-01
 6.76908726737767585e-01
 7.20686834137421073e-01
 7.63022085547509721e-01
 7.79940208039333949e-01
 7.80063555500268180e-01
 7.99757381329429418e-01
 8.33920458368015538e-01
 8.58754119436493157e-01
 8.94040665794496148e-01
 8.97644790159350503e-01
 9.00355571144165090e-01
 9.07462645351028829e-01
 9.22101998806559742e-01
 9.28508568064223994e-01
 9.49098352118801225e-01
 1.00764197358676832e+00
 1.02639472009841515e+00
 1.03953974601529175e+00
 1.07741388092284240e+00
 1.07957203366658328e+00
 1.17123697246872149e+00
 1.17790835274961925e+00
 1.18074183213365957e+00
 1.21695638868328215e+00
 1.24533562468859671e+00
 1.25452489918652499e+00
 1.32098419719717364e+00
 1.38682131090878413e+00
 1.39519210035722852e+00
 1.46692879245432328e+00
 1.47806489748838632e+00
 1.48968877029876623e+00
 1.54652023066930555e+00
 1.56547833707422646e+00
 2.58652454748526111e+02
 2.95880731300719276e+02
 3.67043853103828667e+02
 5.94170164195404027e+02
 1.28586031053893894e+04
