 5.19645434974296950e+03
 3.65237811778008472e+03
 4.99269215376104694e+03
 2.98380191970895976e+03
 2.38464931652101222e+03
 4.06483207869797479e+03
 3.75849289018008858e+03
 3.06372759809403215e+03
 1.47853308966802433e+03
 4.55247317295195535e+03
 8.54683966643002350e+03
 9.68677037387492601e+03
 1.11497885154649848e+04
 6.86551889424899127e+03
 6.55389730378997047e+03
 4.38193443116999697e+03
 4.18580072703596670e+03
 5.76644224507594481e+03
 3.21317289321299177e+03
 5.50364419097092468e+03
 1.17157334002349526e+04
 5.34300199460505974e+03
 3.50896152129909024e+03
 2.97031559373100754e+03
 2.01017915684400359e+04
 4.60506281005893834e+03
 1.50658157284290064e+04
 5.22801409196807072e+03
 3.11331350893294439e+03
 1.90793735002493486e+03
 3.04882725026796106e+03
 4.45066278031200636e+03
 5.29379154263902456e+03
 2.98236433690704871e+03
 5.06534766274096910e+03
 3.86986893604998477e+03
 1.22435279684804846e+03
 1.05960913485591300e+03
 8.91410481219389476e+03
 3.98910018824192230e+03
 5.07655591235205065e+03
 6.94106148438400123e+03
 8.54030239948700182e+03
 3.12604719455889426e+03
 3.71892688004800584e+03
 1.84496918813604861e+03
 1.00699942137603648e+03
 1.07683566211990546e+03
 8.37212091446795966e+03
 2.63236737627908587e+03
