 3.47470506594690960e+03
 6.44259821853309404e+03
 2.74534720395703334e+03
 4.50328651381400414e+03
 4.02534599200810771e+03
 7.95267446745303459e+03
 2.82332754495996051e+03
 4.30926177701901179e+03
 1.43617972959690960e+04
 1.68765145732630044e+04
 1.03017681487239897e+04
 4.95969439654098824e+03
 1.26718611892729532e+04
 9.00232782242610119e+03
 1.78279955224649748e+04
 8.35972478220402263e+03
 1.34674083578730933e+04
 1.48849634683680488e+04
 1.85418242651260225e+04
 8.78678624375606887e+03
 2.08799487782899523e+04
 8.27608837730193045e+03
 4.66317059215903282e+03
 4.56546926662500482e+03
 4.61377129401708953e+03
 3.42949249544704799e+03
 1.04822113188159419e+04
 1.61185876631189603e+04
 4.63606775093008764e+02
 2.63000804471810116e+04
 2.42778610223100986e+03
 3.08450974454800598e+03
 6.43023747888300568e+03
 5.79755649165506475e+03
 5.20403066723106895e+03
 6.19365876975201536e+03
 3.46664558822894469e+03
 1.27033319673198275e+03
 9.20264716411009431e+02
 2.33482946107410826e+04
 5.22622644552402198e+03
 1.95475777606503107e+03
 4.85038300312892534e+03
 2.81830784575000871e+03
 4.55348504414199851e+03
 1.74448582591729937e+04
 1.12568926037196070e+03
 4.81912483634590171e+03
 1.14995144024107140e+03
 2.59593074513203464e+03
