 1.58398247437242845e-01
 1.58398247444794416e-01
 1.61540172735134768e-01
 1.95269556897017554e-01
 1.99687556869816207e-01
 2.11512976262471480e-01
 2.21773123198688193e-01
 2.39275214513023915e-01
 2.89459367806285839e-01
 5.05118056530238224e-01
 5.59750124363970758e-01
 6.74913805176690973e-01
 7.81773608351827187e-01
 8.05787441645253399e-01
 8.06710987410419356e-01
 8.08102492052443222e-01
 8.79042564705135199e-01
 8.80420135775043522e-01
 8.82624451654367870e-01
 8.87963539186388262e-01
 8.91689895481868944e-01
 8.95187611541719219e-01
 9.10261331149257336e-01
 9.17153672717736068e-01
 9.64325504534777833e-01
 1.02632430941523434e+00
 1.03421807985135983e+00
 1.03466799785995489e+00
 1.03737053319524053e+00
 1.04267496901680556e+00
 1.11948928621634858e+00
 1.12294334344283131e+00
 1.18653814711495897e+00
 1.21460599126253355e+00
 1.22563070257792761e+00
 1.32198138783442887e+00
 1.35072395917850674e+00
 1.35854166978862834e+00
 1.38110149076641275e+00
 1.41048847513981768e+00
 1.45152456560211318e+00
 1.49634397935981012e+00
 1.51133278216946021e+00
 1.56695996071167354e+00
 1.86697647600304983e+00
 3.59425227267981473e+00
 1.16260490242977752e+02
 1.21821310651742749e+02
 2.18589214149494455e+03
 1.74944026910753237e+04
