 2.54030616355797974e+03
 4.02539771445398219e+03
 2.55570783828699496e+03
 2.35380477489100304e+03
 2.90144460942898877e+03
 3.08335290190903470e+03
 4.87072328383201966e+03
 4.60334222406399203e+03
 5.02457337117299903e+03
 2.68505512245104183e+03
 5.26453372555499664e+03
 4.09221568538300926e+03
 4.51968745383992791e+03
 1.81105364945610054e+04
 2.43182995475479984e+04
 1.11037207574859494e+04
 7.06815718907897826e+03
 3.53897485959698679e+03
 1.89037777774330461e+04
 2.94688310415220330e+04
 1.70840688995660166e+04
 7.87769989074399928e+03
 3.33771532759099500e+03
 4.65155661526002223e+03
 2.74805863110400969e+03
 2.13920539500098675e+03
 2.41402197852596873e+03
 1.17694992897980264e+04
 2.86568745298101567e+03
 1.21668046645240393e+04
 1.86131745480094105e+03
 9.73127729743398959e+03
 4.26777292884996859e+03
 3.44844801341800485e+03
 4.69826075634299195e+03
 4.47632336390996352e+03
 2.98568448080099188e+03
 5.57491470880899578e+03
 2.96342172960197786e+03
 3.18028360463000718e+03
 5.15563636495964602e+02
 3.50525620270799845e+03
 3.35362994023697684e+03
 1.76496324733202346e+03
 2.00459330601699185e+03
 1.27357875806320226e+04
 3.97539171303299372e+03
 1.53407734723098110e+03
 1.08269144654896809e+03
 2.84089959815400653e+03
