 4.03437164897000184e+03
 4.36135311902797548e+03
 3.56449131112301257e+03
 2.93345537435100414e+03
 3.57570933376904577e+03
 3.36334773117001168e+03
 4.19351380305603379e+03
 5.56121434176000184e+03
 6.08940169701701961e+03
 5.18079386847000569e+03
 4.20904738660799921e+03
 2.11304521165502956e+03
 5.94188993088499410e+03
 7.98426596964499913e+03
 9.70820388338598423e+03
 2.01842089368099987e+04
 5.38689217338699382e+03
 5.51269530178001150e+03
 4.66582656168000540e+03
 6.71772532753102132e+03
 8.04124083082098514e+03
 2.30730980988498777e+03
 4.16783336942800088e+03
 7.23767758622101974e+03
 2.86000539237298653e+03
 3.87260650653997436e+03
 2.10482367313589784e+04
 1.15442598947102670e+03
 8.27657355436997022e+03
 1.51878003324330202e+04
 3.56196980831300607e+03
 1.74225677120530163e+04
 3.24852613195596496e+03
 2.59158579142210074e+04
 4.17384981883701403e+03
 7.71521020148997195e+03
 1.90985116517299321e+03
 4.56340722354600439e+03
 1.10477726747790002e+04
 5.90817895717697684e+03
 9.99460972109402064e+03
 7.20706249491299968e+03
 4.40948031036398606e+03
 6.86339661310898373e+03
 3.69657647632993758e+02
 3.97991535372100770e+03
 2.66294326276803622e+03
 2.23414384042899474e+03
 9.68053899602097226e+03
 1.82918568505998701e+03
