 1.90957236719993206e-01
 2.37195295367953946e-01
 2.37248040081757094e-01
 5.53748642906047195e-01
 5.74413152755424594e-01
 7.08085313660672511e-01
 7.18101130070808669e-01
 7.25275371620004883e-01
 7.27293317679350237e-01
 7.35077679456968891e-01
 7.68037559436013262e-01
 7.81801538708551180e-01
 7.82696096559178933e-01
 7.87539983843439595e-01
 7.92685608261209262e-01
 7.96458604355176680e-01
 8.53552554167988475e-01
 8.58833787677128591e-01
 8.77220728222976032e-01
 8.84320542371930252e-01
 9.49326698310105632e-01
 9.69756735079830512e-01
 9.71811533534564953e-01
 1.01317420866357688e+00
 1.01348805610990800e+00
 1.02417337860663249e+00
 1.02725007729830531e+00
 1.03141908938287008e+00
 1.04796118835166863e+00
 1.06965032587463238e+00
 1.07497768312230590e+00
 1.09564706773177778e+00
 1.17401098934930981e+00
 1.20690212939258346e+00
 1.31038621861919014e+00
 1.31768101546273497e+00
 1.38167612778025650e+00
 1.43918373856939819e+00
 1.46455821476774561e+00
 1.51216194140154969e+00
 1.51695919846865346e+00
 1.53709566342422965e+00
 1.54551201223061208e+00
 1.59946769037020320e+00
 1.61047666076372287e+00
 2.02641229272002832e+00
 2.41945895241561537e+00
 5.54129058597212509e+00
 8.29992393964695765e+01
 3.52562012408612759e+02
