 1.33923004242047956e-02
 1.33923004633581411e-02
 1.33923006228407835e-02
 1.33923006553689355e-02
 1.33923006679744026e-02
 1.33923006982648654e-02
 1.33923007168180626e-02
 1.33923007543785642e-02
 1.33923007721634055e-02
 1.33923008013160337e-02
 1.33923008366252389e-02
 1.33923008440457320e-02
 1.33923008605231503e-02
 1.33923008802393773e-02
 1.33923008911510186e-02
 1.33923008925867330e-02
 1.33923009521910493e-02
 1.33923009526145786e-02
 1.33923009568835006e-02
 1.33923010232280225e-02
 1.33923010372175560e-02
 1.33923010498997845e-02
 1.33923010802933333e-02
 1.33923010977028290e-02
 1.33923011298685921e-02
 1.33923011306282102e-02
 1.33923011319248830e-02
 1.33923011336977930e-02
 1.33923011567881108e-02
 1.33923011884601248e-02
 1.33923011901872467e-02
 1.33923012016827145e-02
 1.33923012111274616e-02
 1.33923012343067326e-02
 1.33923013036704626e-02
 1.33923013326620460e-02
 1.33923014982893947e-02
 3.23817950416813022e-02
 3.23817967559424449e-02
 3.23817969648998519e-02
 3.23817971349687622e-02
 3.23817978579480636e-02
 3.23817981589227463e-02
 5.32337897277869176e-02
 5.32337898104858556e-02
 6.11726847787420550e-02
 6.12214084300484324e-02
 6.13066325877690138e-02
 7.17694244923162417e-02
 5.42171313997436233e-01
