 2.49713950581848621e+02
 2.10838018178939819e+02
 3.44932322319597006e+02
 2.32013115763664246e+02
 1.78396066993474960e+02
 2.89676395259797573e+02
 1.99054793916642666e+02
 2.67422811511904001e+02
 2.05432730384171009e+02
 2.20599960453808308e+02
 1.82676141783595085e+02
 1.60465346034616232e+02
 2.48831809394061565e+02
 1.86408089596778154e+02
 1.65045674890279770e+02
 2.29882254324853420e+02
 3.16853796720504761e+02
 1.47397181820124388e+02
 1.11993036221712828e+02
 1.86953530997037888e+02
 2.77728139717131853e+02
 1.94008542422205210e+02
 2.37196616806089878e+02
 1.71613394271582365e+02
 1.91617148559540510e+02
 2.01460818082094193e+02
 1.53573700897395611e+02
 1.69747687380760908e+02
 3.29350838690996170e+02
 1.94037359599024057e+02
 2.06938910916447639e+02
 1.82534579422324896e+02
 1.93232478670775890e+02
 2.01642389047890902e+02
 2.01587873660027981e+02
 1.64659308463335037e+02
 1.39793211020529270e+02
 1.82566460777074099e+02
 1.78895545970648527e+02
 1.74638844478875399e+02
 2.56300158213824034e+02
 2.23273304771631956e+02
 1.41472532503306866e+02
 1.40750902526080608e+02
 1.19452579144388437e+02
 1.41833066947758198e+02
 1.99290640171617270e+02
 2.01792475249618292e+02
 8.80496340803802013e+01
 1.10094703562557697e+02
