 7.30238234322170155e-03
 7.30238253935495702e-03
 7.30238259055181974e-03
 7.30238265884995078e-03
 7.30238271066283463e-03
 7.30238275090567147e-03
 7.30238275957255465e-03
 7.30238279738571350e-03
 7.30238281852706866e-03
 7.30238290647441338e-03
 7.30238292393273029e-03
 7.30238293259438589e-03
 7.30238294553283828e-03
 7.30238297667385686e-03
 7.30238302943786617e-03
 7.30238307138748703e-03
 7.30238308438048954e-03
 7.30238309491473316e-03
 7.30238311906466347e-03
 7.30238313105571833e-03
 7.30238315258032074e-03
 7.30238315852132884e-03
 7.30238318225791532e-03
 7.30238318330978485e-03
 7.30238321807621157e-03
 7.30238323853938612e-03
 7.30238324326804543e-03
 7.30238327047741387e-03
 7.30238327971140244e-03
 7.30238328298987455e-03
 7.30238329175903964e-03
 7.30238330646005435e-03
 7.30238330864173713e-03
 7.30238333888613266e-03
 7.30238335280237062e-03
 7.30238340365379178e-03
 7.30238342455745860e-03
 7.30238343081161204e-03
 7.30238351742840044e-03
 7.30238360380140381e-03
 7.30238418901337557e-03
 2.92871461031737612e-02
 2.92871512575740706e-02
 5.35486131483864716e-02
 5.35486131981988758e-02
 6.24962040429372923e-02
 6.94565218245572352e-02
 7.02259010115519194e-02
 7.02268645175481987e-02
 7.02581077369561768e-02
