 1.35887021904274527e-02
 1.35887022362836986e-02
 1.35887022494811539e-02
 1.35887030789810948e-02
 1.35887032773740375e-02
 1.35887033120676536e-02
 1.35887041429529030e-02
 1.35887044427714671e-02
 1.35887046891292346e-02
 1.35887048548158397e-02
 1.35887048814100821e-02
 1.35887049143932539e-02
 1.35887049420808734e-02
 1.35887050565804534e-02
 1.35887050801086311e-02
 1.35887050945239195e-02
 1.35887051462834415e-02
 1.35887051500448875e-02
 1.35887051624413221e-02
 1.35887051645942544e-02
 1.35887051890023515e-02
 1.35887051940372632e-02
 1.35887052266871339e-02
 1.35887052428764980e-02
 1.35887052481623912e-02
 1.35887052697081824e-02
 1.35887052877135348e-02
 1.35887053031350687e-02
 1.35887053035845060e-02
 1.35887053198347971e-02
 1.35887053226569840e-02
 1.35887053842858804e-02
 1.35887054011880198e-02
 1.35887054035621017e-02
 1.35887054116083181e-02
 1.35887054129446780e-02
 1.35887054290503573e-02
 1.35887054746992777e-02
 1.35887054783597212e-02
 1.35887054933979522e-02
 1.35887055761731122e-02
 5.45114731827732180e-02
 5.45118000558932475e-02
 6.37091690384193055e-02
 6.88491440172219055e-02
 7.89281408370779008e-02
 7.90360114050697588e-02
 7.90899717701677857e-02
 7.91342720908764230e-02
 7.91918614196331916e-02
