 7.52714050770567078e-03
 7.52714064259111994e-03
 7.52714064616858639e-03
 7.52714067028131990e-03
 7.52714073611136618e-03
 7.52714078619051534e-03
 7.52714079238323442e-03
 7.52714081476282479e-03
 7.52714083418141479e-03
 7.52714088326269896e-03
 7.52714089447109689e-03
 7.52714093929665075e-03
 7.52714094997918286e-03
 7.52714096321305259e-03
 7.52714097362787958e-03
 7.52714101671741586e-03
 7.52714101720615078e-03
 7.52714104909813896e-03
 7.52714106796721020e-03
 7.52714107225486637e-03
 7.52714111101395605e-03
 7.52714111502275889e-03
 7.52714112631972746e-03
 7.52714113487837344e-03
 7.52714116547553280e-03
 7.52714119396258926e-03
 7.52714119563719676e-03
 7.52714120828517751e-03
 7.52714121809644303e-03
 7.52714122569006841e-03
 7.52714124645366238e-03
 7.52714126706969470e-03
 7.52714126804023692e-03
 7.52714128964558377e-03
 7.52714130827641416e-03
 7.52714131008126557e-03
 7.52714131508808951e-03
 7.52714133845470632e-03
 7.52714135513622273e-03
 7.52714138912113570e-03
 7.52714140566785976e-03
 7.52714141672958421e-03
 2.08144665795138156e-02
 5.11766236884488648e-02
 5.40859264704707868e-02
 5.46450803067448990e-02
 5.71090204653723552e-02
 5.71216727651305961e-02
 5.71778640670499369e-02
 5.72027512368870478e-02
