 1.87289179462939501e+02
 1.64114619109779596e+02
 2.13514030307531357e+02
 1.88259225632995367e+02
 1.53292827390134335e+02
 2.27092946767807007e+02
 1.96942016568034887e+02
 1.28585099454969168e+02
 1.88172178030014038e+02
 2.57997527215629816e+02
 1.70132823716849089e+02
 1.35750315546989441e+02
 3.55255496639758348e+02
 1.98529250595718622e+02
 1.28693741932511330e+02
 1.60701334461569786e+02
 1.82658647149801254e+02
 2.12478751529008150e+02
 1.58308687150478363e+02
 1.72513176508247852e+02
 2.47407983262091875e+02
 2.49053503282368183e+02
 2.31138670600950718e+02
 2.14410447679460049e+02
 1.75303952999413013e+02
 3.34325282808393240e+02
 1.51322548326104879e+02
 1.76381751377135515e+02
 2.12984684031456709e+02
 2.02234731342643499e+02
 1.97933156944811344e+02
 1.26945813167840242e+02
 1.26813081018626690e+02
 2.14907128002494574e+02
 1.06884795982390642e+02
 2.10843301147222519e+02
 1.43612826142460108e+02
 3.44397822279483080e+02
 1.33698222991079092e+02
 1.92526282273232937e+02
 2.41357061054557562e+02
 1.59114868048578501e+02
 1.84136736057698727e+02
 3.16270965673029423e+01
 1.51132490612566471e+02
 1.05088639643043280e+02
 1.10266359854489565e+02
 2.09493764739483595e+02
 1.07553080424666405e+02
 2.87154649980366230e+01
