 1.52607940534440663e-02
 1.52607941925520987e-02
 1.52607941992371470e-02
 1.52607942141661408e-02
 1.52607942237805196e-02
 1.52607942263404250e-02
 1.52607942867663323e-02
 1.52607942965027731e-02
 1.52607942979031286e-02
 1.52607943004146474e-02
 1.52607943249218805e-02
 1.52607943303927854e-02
 1.52607943394231851e-02
 1.52607943541437675e-02
 1.52607943580769078e-02
 1.52607943619430270e-02
 1.52607943738968990e-02
 1.52607943989036196e-02
 1.52607944082278259e-02
 1.52607944315715539e-02
 1.52607944465342638e-02
 1.52607944563324070e-02
 1.52607944568278614e-02
 1.52607944828440974e-02
 1.52607944846264946e-02
 1.52607944936947095e-02
 1.52607944973567871e-02
 1.52607945106055624e-02
 1.52607945478742974e-02
 1.52607945504118579e-02
 1.52607945769197423e-02
 1.52607945825263408e-02
 1.52607945930716624e-02
 1.52607946154677022e-02
 1.52607946227061100e-02
 1.52607946597986526e-02
 1.52607946633798591e-02
 1.52607946673523447e-02
 1.52607946814712469e-02
 1.52607946860475862e-02
 1.52607947229635877e-02
 1.52607947677268711e-02
 1.85769297316617336e-02
 8.73444115285075956e-02
 8.80071952527698709e-02
 9.38067772874733447e-02
 9.49968778232280764e-02
 1.04004705385877930e-01
 1.04765046421505290e-01
 1.06376714458698340e-01
