 1.35807972557027111e-02
 1.35807975041754882e-02
 1.35807976046495513e-02
 1.35807976322763688e-02
 1.35807977676372475e-02
 1.35807977841113734e-02
 1.35807978149365613e-02
 1.35807978444065971e-02
 1.35807979134654998e-02
 1.35807979178588882e-02
 1.35807979380715513e-02
 1.35807979477568456e-02
 1.35807979634646123e-02
 1.35807979712102133e-02
 1.35807979794456343e-02
 1.35807979946447731e-02
 1.35807979981148446e-02
 1.35807980010830154e-02
 1.35807980052941573e-02
 1.35807980132177618e-02
 1.35807980168492510e-02
 1.35807980185742704e-02
 1.35807980284401147e-02
 1.35807980475891026e-02
 1.35807980573493855e-02
 1.35807980674718509e-02
 1.35807980732190348e-02
 1.35807980833436478e-02
 1.35807980843372263e-02
 1.35807980910537997e-02
 1.35807980927676025e-02
 1.35807980931845831e-02
 1.35807980995936491e-02
 1.35807981207455002e-02
 1.35807981399492933e-02
 1.35807981558549017e-02
 1.35807981653539266e-02
 1.35807981690379952e-02
 1.35807981734980057e-02
 1.35807981806482826e-02
 1.35807982545328460e-02
 1.35807983598526787e-02
 1.35807984376328308e-02
 2.99351133015407535e-02
 3.03587142329405126e-02
 6.66853204530909877e-02
 6.69628076024413044e-02
 6.77646296330199349e-02
 6.77647829930950185e-02
 6.77779692064035683e-02
