 1.83940254554152489e+02
 3.14140395361930132e+02
 2.55284157745540142e+02
 2.65119585517793894e+02
 3.03726895976811647e+02
 1.69008641310036182e+02
 1.54281045459210873e+02
 1.50612352088093758e+02
 2.39461118467152119e+02
 1.87136386666446924e+02
 1.66854891330003738e+02
 1.76357551399618387e+02
 1.28915282551199198e+02
 2.14080732583999634e+02
 1.85934786114841700e+02
 2.37492236036807299e+02
 1.82830067295581102e+02
 1.42198315959423780e+02
 1.80836354263126850e+02
 2.34779075238853693e+02
 1.42100785560905933e+02
 1.54088552374392748e+02
 1.65448364060372114e+02
 1.31391879618167877e+02
 1.52941793683916330e+02
 1.07004779346287251e+02
 1.67558268044143915e+02
 1.89257696472108364e+02
 2.03896007675677538e+02
 1.82656641792505980e+02
 2.42643590025603771e+02
 2.13310308322310448e+02
 1.69486132130026817e+02
 2.09150222409516573e+02
 1.60703439772129059e+02
 1.35214590020477772e+02
 1.69325524866580963e+02
 1.87917675767093897e+02
 1.65720394548028708e+02
 1.69809451527893543e+02
 2.83894860416650772e+02
 2.25783395770937204e+02
 3.14871910624206066e+02
 2.45240553796291351e+02
 1.74760534945875406e+02
 3.35726447068154812e+01
 2.67331836894154549e+02
 1.99582251500338316e+02
 2.38490908939391375e+02
 1.48316498875617981e+02
