 1.86203477397561073e+02
 1.58367051597684622e+02
 1.87624045412987471e+02
 1.92569135736674070e+02
 1.76696363709867001e+02
 2.51625695254653692e+02
 2.98592821408063173e+02
 2.25740341980010271e+02
 1.76537719529122114e+02
 1.79213702328503132e+02
 1.85776141658425331e+02
 2.55875675927847624e+02
 1.71096205841749907e+02
 1.69602833207696676e+02
 1.93728773064911366e+02
 1.52547913610935211e+02
 1.92259341143071651e+02
 2.41744423747062683e+02
 1.63446118086576462e+02
 2.01223603148013353e+02
 2.11141349870711565e+02
 2.58376523084938526e+02
 1.93575182806700468e+02
 2.26059136573225260e+02
 1.60004295866936445e+02
 2.29955695059150457e+02
 1.70791996262967587e+02
 1.94270087916404009e+02
 2.02655887436121702e+02
 2.02661191634833813e+02
 1.75629156664013863e+02
 1.56978783335536718e+02
 2.44496863394975662e+02
 2.77864012036472559e+02
 2.30181922443211079e+02
 2.12660489160567522e+02
 1.65019424773752689e+02
 1.82965098459273577e+02
 1.72258028861135244e+02
 1.77971399407833815e+02
 1.55354199346154928e+02
 2.25815928697586060e+02
 2.04974054802209139e+02
 1.93141575589776039e+02
 1.72318085037171841e+02
 2.65716665092855692e+02
 2.40093221738934517e+02
 2.05328123804181814e+02
 1.71635003119707108e+02
 9.18557820655405521e+01
