 1.83599089607596397e+02
 1.73966011065989733e+02
 1.82928567890077829e+02
 2.51790705937892199e+02
 1.54727407917380333e+02
 2.29091509710997343e+02
 1.67189705971628428e+02
 1.82605089813470840e+02
 2.22436938032507896e+02
 2.14314333982765675e+02
 1.58550861209630966e+02
 1.83972588710486889e+02
 1.66042109485715628e+02
 2.11152426935732365e+02
 2.49288014266639948e+02
 2.31741200108081102e+02
 1.47930121768265963e+02
 2.72712745472788811e+02
 1.72741707369685173e+02
 2.15737251438200474e+02
 2.55247760731726885e+02
 2.15364200916141272e+02
 1.52301391340792179e+02
 1.75214883502572775e+02
 2.10453913729637861e+02
 1.32153802789747715e+02
 2.30775406539440155e+02
 1.38900523591786623e+02
 1.78317135356366634e+02
 1.99226318780332804e+02
 1.68213072814047337e+02
 1.48870027422904968e+02
 1.78766243010759354e+02
 2.43192904163151979e+02
 1.43598885040730238e+02
 1.44602280914783478e+02
 1.89968093667179346e+02
 2.01375030063092709e+02
 1.15745969295501709e+02
 1.18593587309122086e+02
 2.20967914830893278e+02
 1.02796645440161228e+02
 8.52018905729055405e+01
 2.03759968105703592e+02
 2.79174323674291372e+02
 2.75686289586126804e+02
 2.06379641368985176e+02
 1.95595757756382227e+02
 5.66945612318813801e+01
 2.37745618604123592e+02
