 1.05325466700956858e-02
 1.05325466778373542e-02
 1.05325466893555226e-02
 1.05325467154422057e-02
 1.05325467493176447e-02
 1.05325467514236180e-02
 1.05325467550936181e-02
 1.05325467836301818e-02
 1.05325468785795479e-02
 1.05325468909204193e-02
 1.05325468995560341e-02
 1.05325469084921585e-02
 1.05325469395599648e-02
 1.05325469539305910e-02
 1.05325469927946645e-02
 1.05325470188482161e-02
 1.05325470454884409e-02
 1.05325470508930048e-02
 1.05325470564379374e-02
 1.05325470587661965e-02
 1.05325470748704325e-02
 1.05325471034120564e-02
 1.05325471251364045e-02
 1.05325471317704571e-02
 1.05325471346337605e-02
 1.05325471932652057e-02
 1.05325472693730861e-02
 1.05325473623488122e-02
 1.05325473623670684e-02
 1.05325473679221508e-02
 1.05325474220994055e-02
 1.05325474933590044e-02
 1.05325476456495162e-02
 1.05325476842833346e-02
 2.94635212252872709e-02
 2.94636673443057356e-02
 2.94637014367687272e-02
 5.09751566918221696e-02
 5.47235785660617202e-02
 5.63858773758918949e-02
 5.64051679054077687e-02
 5.64140388890666949e-02
 5.64159571571191468e-02
 5.64257097988315678e-02
 6.58638663735355429e-02
 6.71816561783855487e-02
 6.71913537366261304e-02
 6.72105804474780050e-02
 6.72381893171910688e-02
 6.73106043731999532e-02
