 1.76512202646149294e-02
 1.76512203059083009e-02
 1.76512203580313880e-02
 1.76512205656738051e-02
 1.76512205658731179e-02
 1.76512205730788817e-02
 1.76512205738389161e-02
 1.76512205782679843e-02
 1.76512205788102450e-02
 1.76512205830742369e-02
 1.76512205929317198e-02
 1.76512205994749892e-02
 1.76512206179256260e-02
 1.76512206317286889e-02
 1.76512206604167304e-02
 1.76512206659395349e-02
 1.76512206695112750e-02
 1.76512206701031904e-02
 1.76512207070841573e-02
 1.76512207071724166e-02
 1.76512207159941412e-02
 1.76512207215993797e-02
 1.76512207544918844e-02
 1.76512207622857714e-02
 1.76512207701426740e-02
 1.76512207829963574e-02
 1.76512207841172108e-02
 1.76512207898722913e-02
 1.76512207982755139e-02
 1.76512208369618388e-02
 1.76512208398142065e-02
 1.76512208511906618e-02
 1.76512208598629677e-02
 1.76512208899494392e-02
 1.76512208907896109e-02
 1.76512208937102642e-02
 1.76512209000778929e-02
 1.76512209034154002e-02
 1.76512209416943774e-02
 1.76512209964162989e-02
 1.76512210963950325e-02
 2.03201931258985835e-02
 2.47051556047295506e-02
 2.95083711060578936e-02
 3.08549596651080463e-02
 5.80590583792130327e-02
 6.59791697847432884e-02
 6.59795197230047259e-02
 6.60214637917213715e-02
 6.66523094507257274e-02
