 1.78390048567205667e+02
 1.62907343983650208e+02
 1.54671530485153198e+02
 2.17544696647673845e+02
 2.61439924068748951e+02
 2.03019440218806267e+02
 2.14704349838197231e+02
 2.17997940376400948e+02
 1.80501446850597858e+02
 1.92446240752935410e+02
 1.88768377050757408e+02
 1.73105241488665342e+02
 2.24502162631601095e+02
 3.78901097521185875e+02
 2.54164518512785435e+02
 2.53891487527638674e+02
 2.05082769025117159e+02
 1.29465487860143185e+02
 1.06011911660432816e+02
 1.11771928992122412e+02
 1.29515203483402729e+02
 2.55069848444312811e+02
 1.55790483389049768e+02
 1.65151990056037903e+02
 1.51039520833641291e+02
 1.23958696153014898e+02
 1.36883144572377205e+02
 1.81668312188237906e+02
 1.63421587474644184e+02
 2.00675376776605844e+02
 3.40076941300183535e+02
 1.71266728602349758e+02
 1.76977589722722769e+02
 3.03732715938240290e+02
 2.08562462791800499e+02
 1.55477831538766623e+02
 1.83951046016067266e+02
 2.05592230293899775e+02
 1.92850743476301432e+02
 1.31156080540269613e+02
 1.17467511590570211e+02
 1.33834675263613462e+02
 2.11063067372888327e+02
 1.46121828228235245e+02
 1.81221927244216204e+02
 9.26507437638938427e+01
 7.01927510052919388e+01
 2.25157465290278196e+02
 2.38251714754849672e+02
 1.62894805014133453e+02
