 1.68893609873950481e+02
 1.49762539368122816e+02
 3.06670045893639326e+02
 1.53761061284691095e+02
 2.11483936175704002e+02
 2.09351503625512123e+02
 1.76412312965840101e+02
 2.49607640046626329e+02
 1.63824626728892326e+02
 2.34800814282149076e+02
 2.29357242893427610e+02
 1.81170697506517172e+02
 2.33657215889543295e+02
 2.28836446549743414e+02
 2.23726492792367935e+02
 1.97341180562973022e+02
 1.92295016337186098e+02
 1.47747856810688972e+02
 1.96174686413258314e+02
 1.98826276801526546e+02
 1.62855610296130180e+02
 1.86894904945045710e+02
 2.46001494236290455e+02
 1.92725325025618076e+02
 3.30665711116045713e+02
 1.83760857909917831e+02
 2.56378326039761305e+02
 1.30239381983876228e+02
 1.40565936747938395e+02
 1.30420058745890856e+02
 2.62056710332632065e+02
 2.05716917198151350e+02
 1.46274173561483622e+02
 1.92734221123158932e+02
 1.29982539933174849e+02
 2.72364298492670059e+02
 1.82699470452964306e+02
 2.25158522978425026e+02
 1.64017592377960682e+02
 1.95498601291328669e+02
 1.55181490678340197e+02
 2.25377707488834858e+02
 4.28000923130661249e+02
 3.12329095892608166e+02
 2.99494760125875473e+02
 2.35040949095040560e+02
 2.68350064586848021e+02
 1.30664553295820951e+02
 2.39936758998781443e+02
 1.54559932228177786e+02
