 1.05055661932477225e-02
 1.05055662572965253e-02
 1.05055662707822604e-02
 1.05055662850282363e-02
 1.05055662990175755e-02
 1.05055663101727512e-02
 1.05055663792248313e-02
 1.05055663857579751e-02
 1.05055663859099559e-02
 1.05055663893462298e-02
 1.05055664051091919e-02
 1.05055664285814906e-02
 1.05055664473046925e-02
 1.05055664574793227e-02
 1.05055664637328013e-02
 1.05055664770305531e-02
 1.05055664800605981e-02
 1.05055665045987057e-02
 1.05055665323525588e-02
 1.05055665525257188e-02
 1.05055665778692481e-02
 1.05055665892986178e-02
 1.05055665919397603e-02
 1.05055665977852389e-02
 1.05055666908590341e-02
 1.05055666934153625e-02
 2.59174741316301437e-02
 2.59174947403947413e-02
 2.59176155557421170e-02
 2.59176213767167325e-02
 2.59176796255370691e-02
 2.59176962078063629e-02
 2.59177414327274383e-02
 2.59177457699674187e-02
 2.59177677232967398e-02
 2.59177687221070208e-02
 2.59179042708745609e-02
 2.59188374959091888e-02
 2.59193860016694137e-02
 2.59196433588112368e-02
 2.59196957047064386e-02
 2.59258647915667981e-02
 2.59560650770444129e-02
 6.06264811560457070e-02
 6.06876125797837854e-02
 6.34522123427868762e-02
 6.44674423199011332e-02
 6.44678218983400220e-02
 6.44682303690852360e-02
 6.44864059669108813e-02
