 1.96383147954940796e+02
 2.15655608274042606e+02
 2.45234618030488491e+02
 1.73867580849677324e+02
 1.98039449196308851e+02
 2.05290866360068321e+02
 2.40506727173924446e+02
 2.41804771147668362e+02
 1.84403295643627644e+02
 2.07882768455892801e+02
 1.24275615040212870e+02
 2.18894274942576885e+02
 2.18695155430585146e+02
 3.06376350767910480e+02
 2.50999869320541620e+02
 2.85841110628098249e+02
 1.37267532959580421e+02
 1.83724559590220451e+02
 2.03750981286168098e+02
 2.11339765127748251e+02
 1.30455874957144260e+02
 1.82137880507856607e+02
 1.90749971993267536e+02
 1.47866085849702358e+02
 2.86256806109100580e+02
 2.44704342152923346e+02
 1.65785341486334801e+02
 2.01812057618051767e+02
 1.76463696550577879e+02
 1.91385886579751968e+02
 1.46769420526921749e+02
 2.38079622570425272e+02
 2.39600647613406181e+02
 1.97324896998703480e+02
 1.45044147484004498e+02
 1.69984990898519754e+02
 3.90609473962336779e+02
 1.97260532524436712e+02
 1.64627069599926472e+02
 1.43827983919531107e+02
 1.28488823629915714e+02
 1.97639898687601089e+02
 3.80566396027803421e+02
 2.54082306358963251e+02
 1.00802676599472761e+02
 3.12228748377412558e+02
 2.01987608097493649e+02
 2.21221839785575867e+02
 1.50595036394894123e+02
 1.25513561438769102e+02
