 1.70604429394006729e+02
 1.46957376349717379e+02
 1.28844144985079765e+02
 2.23860072612762451e+02
 1.55716625306755304e+02
 2.19386626973748207e+02
 2.66819532886147499e+02
 2.35005600802600384e+02
 1.47784146796911955e+02
 1.52462194193154573e+02
 2.25516833148896694e+02
 2.90194833785295486e+02
 2.02970112197101116e+02
 1.88736848272383213e+02
 1.81224343881011009e+02
 1.81563876312226057e+02
 2.14358583182096481e+02
 4.01584552306681871e+02
 1.62880045250058174e+02
 2.64983993016183376e+02
 1.56248323906213045e+02
 1.60287490274757147e+02
 1.60064405005425215e+02
 2.22798497572541237e+02
 2.28791042737662792e+02
 1.60950664468109608e+02
 1.86156899765133858e+02
 2.50223179671913385e+02
 1.84588156409561634e+02
 3.04036333817988634e+02
 1.52733301509171724e+02
 1.76890352908521891e+02
 3.30017800983041525e+02
 1.72701654668897390e+02
 2.90324973575770855e+02
 1.82050883799791336e+02
 2.01212545331567526e+02
 1.99765733271837234e+02
 2.57915319357067347e+02
 1.87685946524143219e+02
 2.43563106019049883e+02
 1.78252258356660604e+02
 1.97278863277286291e+02
 3.00330091178417206e+02
 3.03588070757687092e+02
 1.39846807960420847e+02
 1.18516143795102835e+02
 2.60501825824379921e+02
 2.64384427420794964e+02
 2.36197792477905750e+02
