 1.08895998063219795e-02
 1.08896021636258125e-02
 1.08896043759271997e-02
 1.08896044521132693e-02
 1.08896051536487605e-02
 1.08896064801539769e-02
 1.08896071118791491e-02
 1.08896073398049974e-02
 1.08896076881766970e-02
 1.08896080441060594e-02
 1.08896082513860373e-02
 1.08896084768480995e-02
 1.08896084946340892e-02
 1.08896086555668476e-02
 1.08896087472266610e-02
 1.08896087818086493e-02
 1.08896091464173814e-02
 1.08896093535172916e-02
 1.08896094650832026e-02
 1.08896103917487507e-02
 1.08896114396406247e-02
 1.30175920326453219e-02
 1.30175936822121471e-02
 1.30175965919593264e-02
 3.69541430113781710e-02
