 8.09784661029294348e-03
 8.09784816808146492e-03
 8.09784919230867664e-03
 8.09784987368840185e-03
 8.09784992709617832e-03
 8.09785022793981998e-03
 8.09785026609141818e-03
 8.09785116482255804e-03
 8.09785206031503682e-03
 8.09785269567330802e-03
 8.09785308128206822e-03
 8.09785320940378285e-03
 8.09785321559302121e-03
 8.09785448527279919e-03
 8.09785560731261442e-03
 8.09785585033884724e-03
 8.09785599118762779e-03
 8.09785643999090185e-03
 8.09785697882470061e-03
 8.09786090836117807e-03
 8.09786146123413729e-03
 8.18421913174775632e-03
 3.48951672640188532e-02
 4.42856480962560764e-02
 5.23778777525715014e-02
