 1.08227933401241899e+03
 1.41672661554068327e+03
 9.47600852590054274e+02
 1.14155737044662237e+03
 1.29941750595346093e+03
 1.09636645181477070e+03
 9.66553660556674004e+02
 1.18470778769999743e+03
 7.72837405893951654e+02
 1.66631275900080800e+03
 8.36958110250532627e+02
 1.01412566845491529e+03
 9.58840945694595575e+02
 1.13442966623604298e+03
 7.63583201635628939e+02
 1.04206079884245992e+03
 8.51814371246844530e+02
 9.05562113206833601e+02
 8.01589606110006571e+02
 8.95970856968313456e+02
 7.55391106836497784e+02
 2.54834560917317867e+03
 1.02000192403793335e+03
 6.15692984454333782e+02
 8.71056258164346218e+02
