 1.04199734196066856e+03
 1.09684882889315486e+03
 1.55085972883179784e+03
 9.14218226760625839e+02
 1.43013597958534956e+03
 8.55258779741823673e+02
 7.69793384503573179e+02
 1.47363071132451296e+03
 9.96842172861099243e+02
 8.51151251126080751e+02
 8.28373109962791204e+02
 8.35826631702482700e+02
 6.91241911217570305e+02
 1.63538252407684922e+03
 1.01244433173164725e+03
 1.00032133581116796e+03
 1.08067876315116882e+03
 1.11914116246253252e+03
 7.98548972927033901e+02
 2.38797024661675096e+03
 1.07800419557839632e+03
 8.50129662990570068e+02
 1.47142017211019993e+03
 1.51606020279228687e+03
 1.11930129023641348e+03
