 9.94392181897328122e-03
 9.94392405953640687e-03
 9.94392548861549111e-03
 9.94392628159179032e-03
 9.94392644389432111e-03
 9.94392650324831852e-03
 9.94392678563669856e-03
 9.94392702717466007e-03
 9.94392713835286386e-03
 9.94392719191801965e-03
 9.94392726119414268e-03
 9.94392757168172277e-03
 9.94392802516805979e-03
 9.94392823235197912e-03
 9.94393516454211701e-03
 1.21237978575867641e-02
 1.21238001386527600e-02
 1.21244581956983666e-02
 1.21263186599120994e-02
 3.47693354744805505e-02
 3.76982828360422975e-02
 3.80398380040627981e-02
 4.21626000217202937e-02
 4.21626031108327803e-02
 4.32290488582250110e-02
