 1.23866519013878570e-02
 1.23866526062934162e-02
 1.23866530527332527e-02
 1.23866553552317536e-02
 1.23866557514466982e-02
 1.23866578864936759e-02
 1.23866585227549644e-02
 1.23866595965842919e-02
 1.23866637938389000e-02
 1.23866639106214906e-02
 1.23866675930856106e-02
 1.37124720100747811e-02
 1.37124730032342854e-02
 1.37124731042393821e-02
 1.37124749498384463e-02
 1.37124762935211617e-02
 1.37124801569532811e-02
 1.37124858255563108e-02
 1.37124895500324948e-02
 4.50262353397804516e-02
 5.32220221655841444e-02
 5.32920456242908028e-02
 5.32946112918848136e-02
 5.46803290894633601e-02
 5.49053132226295509e-02
