 1.01558723863109431e-02
 1.01558772444966770e-02
 1.01558773776495581e-02
 1.01558789533304616e-02
 1.01558793245746723e-02
 1.01558793299197613e-02
 1.01558793359731742e-02
 1.01558793969182704e-02
 1.01558801282567966e-02
 1.01558802975867685e-02
 1.01558805894466277e-02
 1.01558809852284847e-02
 1.01558820247804812e-02
 1.01558821423510838e-02
 1.01558824118084413e-02
 1.01558826976830188e-02
 1.01558831707418105e-02
 1.01558837672530260e-02
 1.01558847241137659e-02
 1.01558854511401061e-02
 1.01558861533738859e-02
 1.01558864090784788e-02
 1.45495866329256214e-02
 5.02311454310665415e-02
 5.31924208618849148e-02
