 1.12727004675194621e+03
 7.39262500070035458e+02
 8.96625631514936686e+02
 6.17386359546333551e+02
 8.71164295151829720e+02
 9.25289749983698130e+02
 1.05067369323596358e+03
 1.44710679112374783e+03
 1.17439385003224015e+03
 6.99379835765808821e+02
 7.92369998585432768e+02
 7.52080649934709072e+02
 7.36350555457174778e+02
 7.74463789906352758e+02
 7.07329762704670429e+02
 1.24494483655318618e+03
 8.96042578186839819e+02
 8.35749024435877800e+02
 5.72180076867341995e+02
 9.86639766898006201e+02
 8.23397800661623478e+02
 1.16632502187415957e+03
 1.20217683839052916e+03
 6.83720400232821703e+02
 1.01907576914131641e+03
