 7.31989846908381956e-03
 7.31990019507508527e-03
 7.31990061304466609e-03
 7.31990195596410580e-03
 7.31990213919217828e-03
 7.31990252410007116e-03
 7.31990284270634881e-03
 7.31990351845467156e-03
 7.31990363823130461e-03
 7.31990412267467805e-03
 7.31990443326458167e-03
 7.31990480153374944e-03
 7.31990538100178809e-03
 7.31990558223432567e-03
 7.31990559250262230e-03
 7.31990727936257784e-03
 7.31996829734449760e-03
 7.32130144043964884e-03
 9.72266024160261567e-03
 9.72266042353889595e-03
 9.72266113551196846e-03
 9.72266122197647936e-03
 3.75411944859883884e-02
 4.72134192687542059e-02
 4.72259183114243780e-02
