 1.47446335704108766e-02
 1.47446335820385493e-02
 1.47446339559437461e-02
 1.47446345978340439e-02
 1.47446349546840570e-02
 1.47446351308972712e-02
 1.47446358171049088e-02
 1.47446358221536705e-02
 1.47446363373233448e-02
 1.47446365076372519e-02
 1.47446370164419447e-02
 1.47446371841099631e-02
 1.47446374528997903e-02
 1.47446407227590556e-02
 1.47446424013011057e-02
 1.47446813531833358e-02
 1.47457713894330288e-02
 1.64966451722611887e-02
 1.64966494755500390e-02
 1.64966521629911073e-02
 2.26443724244153044e-02
 2.41530585664108156e-02
 2.95778150764248564e-02
 2.95783582478930281e-02
 3.56308644274225123e-02
