 1.22221353573891307e-02
 1.22221359478594579e-02
 1.22221363787386617e-02
 1.22221373603108082e-02
 1.22221375670737587e-02
 1.22221384613848856e-02
 1.22221387752526264e-02
 1.22221388622441255e-02
 1.22221400424369457e-02
 1.22221407383385095e-02
 1.22221411219966842e-02
 1.22221415960651406e-02
 1.22221416271015501e-02
 1.22221430665203443e-02
 1.22221431076835457e-02
 1.22221442739323186e-02
 1.22221444468352050e-02
 1.22221449856352651e-02
 1.22221456263261700e-02
 1.22221472469219439e-02
 1.22221496440786635e-02
 1.22221503166947201e-02
 1.22221504476054486e-02
 1.22221540775551019e-02
 1.74879634570561271e-01
