 6.12098428800702095e+02
 1.32037762789055705e+03
 1.02636449936777353e+03
 6.95351151496171951e+02
 9.84358334433287382e+02
 1.74636235728487372e+03
 9.46538734808564186e+02
 1.22304633281752467e+03
 8.70480887264013290e+02
 1.02820764834433794e+03
 1.04062574428319931e+03
 8.60479503948241472e+02
 8.47248916730284691e+02
 1.34744719435274601e+03
 1.15698736840859056e+03
 1.06156766683608294e+03
 1.30039758120849729e+03
 1.61051305520534515e+03
 1.13023175592347980e+03
 9.02534577704966068e+02
 7.88318606536835432e+02
 8.65928810801357031e+02
 2.09525255012512207e+03
 1.24322712942212820e+03
 6.46898521229624748e+02
