 8.07805483501404524e+02
 9.55060822840780020e+02
 1.39060519697144628e+03
 1.59185437379032373e+03
 1.25190764788165689e+03
 1.18042908139899373e+03
 8.04307539414614439e+02
 8.53174765724688768e+02
 1.43237823778018355e+03
 8.21069458931684494e+02
 9.22979893304407597e+02
 1.29608640088886023e+03
 1.12665677883103490e+03
 1.36129683522135019e+03
 1.16500463259965181e+03
 9.00793363466858864e+02
 1.20887584519758821e+03
 1.61334022622182965e+03
 1.41540448207780719e+03
 1.24681805120036006e+03
 7.92168206918984652e+02
 1.01438202698156238e+03
 1.04975362787395716e+03
 7.14159158233553171e+02
 1.66116436891630292e+03
