 6.20324764385819435e+02
 9.21391969826072454e+02
 9.16135501097887754e+02
 9.16287538193166256e+02
 1.52217150586470962e+03
 9.10351534027606249e+02
 1.11677159666642547e+03
 1.04998855093494058e+03
 7.68031974930316210e+02
 1.84830188827216625e+03
 6.30440508268773556e+02
 7.27742189761251211e+02
 7.43449750643223524e+02
 8.33567308709025383e+02
 9.94303117085248232e+02
 1.09629327759891748e+03
 1.63219149993360043e+03
 1.34784242241457105e+03
 1.14146414075046778e+03
 8.87692044910043478e+02
 6.66412895817309618e+02
 1.01055732763931155e+03
 6.75444532651454210e+02
 1.34564721100777388e+03
 1.59438903839141130e+03
