 1.11373482559310975e-02
 1.11373488980639358e-02
 1.11373496222141877e-02
 1.11373499723078258e-02
 1.11373527856887377e-02
 1.11373539304933308e-02
 1.11373543367600299e-02
 1.11373547926490232e-02
 1.11373549209161735e-02
 1.11373555714219218e-02
 1.11373561420649737e-02
 1.11373565246411423e-02
 1.11373567061249668e-02
 1.11373577334607215e-02
 1.11373578775431081e-02
 1.11373579920057923e-02
 1.11373587510959250e-02
 1.11373590317061164e-02
 1.11373591086889167e-02
 1.11373593391951090e-02
 1.11373596235685313e-02
 1.11373603557227332e-02
 1.11373608499340075e-02
 1.11373612707418353e-02
 4.67312185273813935e-02
