 7.72165555529296398e+02
 1.19784368161857128e+03
 9.44631550285965204e+02
 1.45285594843327999e+03
 7.54403850134462118e+02
 5.48387745223939419e+02
 1.03952399018034339e+03
 8.82541180323809385e+02
 9.91804332122206688e+02
 1.24907277785614133e+03
 6.77905082058161497e+02
 1.13398483264073730e+03
 8.57917202584445477e+02
 1.16297705027833581e+03
 5.22856049653142691e+02
 1.08416001869738102e+03
 1.84142255308479071e+03
 9.64267990477383137e+02
 8.54285627294331789e+02
 1.25598409995809197e+03
 8.09351597413420677e+02
 2.07499468505382538e+03
 1.29810651443898678e+03
 1.50878404019773006e+03
 1.00237409828230739e+03
