 1.03837327079102397e+03
 7.81480588149279356e+02
 1.17980031365156174e+03
 1.24166815098747611e+03
 1.32253622215613723e+03
 1.26186642494052649e+03
 1.70807344889640808e+03
 1.30518126066029072e+03
 1.84637979358062148e+03
 1.33700955509021878e+03
 1.08219259824603796e+03
 9.25885312795639038e+02
 8.47315865293145180e+02
 1.28333044785261154e+03
 8.78846207723021507e+02
 1.11310884932801127e+03
 7.88929515302181244e+02
 1.00025054585188627e+03
 1.29426744083315134e+03
 2.35721090583503246e+03
 8.09893736906349659e+02
 1.05830702919885516e+03
 1.10237877075746655e+03
 7.95984058670699596e+02
 8.80779539633542299e+02
