 9.46396419405937195e+02
 8.46505762342363596e+02
 6.41786690969020128e+02
 1.31557725374028087e+03
 1.01799134658277035e+03
 1.63679316132888198e+03
 8.24690239954739809e+02
 7.31392874069511890e+02
 8.42185295589268208e+02
 1.01715767975896597e+03
 9.72950315307825804e+02
 9.31212514456361532e+02
 9.06205120924860239e+02
 8.98078352138400078e+02
 1.02934348762780428e+03
 9.67160572808235884e+02
 7.51192652817815542e+02
 9.29220001421868801e+02
 1.04517624140903354e+03
 8.66720264870673418e+02
 1.41738204636797309e+03
 1.51943284241855145e+03
 7.47759688083082438e+02
 9.33898264255374670e+02
 2.29053642228245735e+02
