 6.13629021005455688e-02
 6.13629021005455688e-02
 6.13629021005455688e-02
 6.13629021005455688e-02
 6.13629021005455688e-02
 6.13629021005455688e-02
 6.13629021005455688e-02
 6.13629021005455688e-02
 6.13629021005455688e-02
 6.13629021005455758e-02
 6.13629021005455758e-02
 6.13629021005455758e-02
 6.13629021005455758e-02
 6.13629021005455758e-02
 6.13629021005455758e-02
 6.13629021005455758e-02
 6.13629021005455758e-02
 6.13629021005455758e-02
 6.13629021005455758e-02
 6.13629021005455758e-02
 6.13629021005455758e-02
 6.13629021005455758e-02
 6.13629021005455758e-02
 6.13629021005455758e-02
 6.13629021005455758e-02
 6.13629021005455758e-02
 6.13629021005455827e-02
 6.13629021005455827e-02
 6.13629021005455827e-02
 6.13629021005455827e-02
 6.13629021005455827e-02
 6.13629021005455827e-02
 6.13629021005455827e-02
 6.13629021005455827e-02
 6.13629021005455827e-02
 6.13629021005455827e-02
 6.13629021005455827e-02
 6.31053613519882844e-02
 6.31053613521110890e-02
 6.31053613521397327e-02
 6.31053613538094804e-02
 6.31053613538136715e-02
 6.31053613538169189e-02
 6.31053613538171132e-02
 6.31053613538171687e-02
 6.31053613538171687e-02
 1.06187243439350473e-01
 1.06187243440483831e-01
 1.48513872309550932e-01
 1.88794506958509412e-01
