 8.01896081127296961e-02
 8.01896081127296961e-02
 8.01896081127296961e-02
 8.01896081127297100e-02
 8.01896081127297100e-02
 8.01896081127297100e-02
 8.01896081127297100e-02
 8.01896081127297100e-02
 8.01896081127297100e-02
 8.01896081127297100e-02
 8.01896081127297100e-02
 8.01896081127297100e-02
 8.01896081127297100e-02
 8.01896081127297100e-02
 8.01896081127297100e-02
 8.01896081127297100e-02
 8.01896081127297100e-02
 8.01896081127297100e-02
 8.01896081127297100e-02
 8.01896081127297100e-02
 8.01896081127297100e-02
 8.01896081127297100e-02
 8.61011025474145153e-02
 8.61011025483750109e-02
 8.61011025502431276e-02
 8.61011025508464506e-02
 8.61011025542217784e-02
 8.61011025547418762e-02
 8.61011025555000337e-02
 8.61011025555140919e-02
 8.61011025555143555e-02
 1.15308942938748452e-01
 1.15308942938945141e-01
 1.15308942939195372e-01
 1.15308942940203482e-01
 1.15308942942236842e-01
 1.15308942957542238e-01
 1.18361737834585271e-01
 1.18361737834793798e-01
 1.18361737835436992e-01
 1.18361737835454631e-01
 1.18361737835728634e-01
 1.18361737838483916e-01
 1.18361737839172004e-01
 1.18361737839919490e-01
 1.18361737840714021e-01
 1.18361737841899184e-01
 1.18361737845516748e-01
 4.28755950374561157e-01
 2.92093134329319160e+00
