 6.66019884480058139e-02
 6.66019884480058139e-02
 6.66019884480058277e-02
 6.66019884480058277e-02
 6.66019884480058277e-02
 6.66019884480058277e-02
 6.66019884480058277e-02
 6.66019884480058277e-02
 6.66019884480058277e-02
 6.66019884480058277e-02
 6.66019884480058277e-02
 6.66019884480058277e-02
 6.66019884480058277e-02
 6.66019884480058277e-02
 6.66019884480058277e-02
 6.66019884480058277e-02
 6.66019884480058277e-02
 6.66019884480058277e-02
 6.66019884480058277e-02
 6.66019884480058277e-02
 6.66019884480058277e-02
 6.66019884480058277e-02
 6.66019884480058277e-02
 6.66019884480058277e-02
 6.66019884480058277e-02
 6.66019884480058277e-02
 6.66019884480058277e-02
 6.66019884480058277e-02
 6.66019884480058277e-02
 6.66019884480058277e-02
 7.72968194233307204e-02
 7.72968194233308037e-02
 7.72968194236087619e-02
 7.72968194342032594e-02
 1.32429549837536104e-01
 1.32429549837698723e-01
 1.32429549838511823e-01
 1.32429549839008120e-01
 1.32429549840346716e-01
 1.32429549840416994e-01
 1.32429549840559213e-01
 1.32429549841085875e-01
 1.32429549841258515e-01
 1.32429549842305538e-01
 1.32429549842348004e-01
 1.32429549843597283e-01
 1.32429549843805672e-01
 2.11711530181269258e-01
 2.71694275446194566e-01
 2.73733162684859699e-01
