 4.79263274871275305e-02
 4.79263274871275305e-02
 4.79263274871275374e-02
 4.79263274871275374e-02
 4.79263274871275374e-02
 4.79263274871275374e-02
 4.79263274871275374e-02
 4.79263274871275374e-02
 4.79263274871275374e-02
 4.79263274871275374e-02
 4.79263274871275374e-02
 4.79263274871275374e-02
 4.79263274871275374e-02
 4.79263274871275374e-02
 4.79263274871275374e-02
 4.79263274871275374e-02
 4.79263274871275374e-02
 4.79263274871275374e-02
 4.79263274871275374e-02
 4.79263274871275374e-02
 4.79263274871275374e-02
 4.79263274871275374e-02
 4.79263274871275374e-02
 4.79263274871275374e-02
 4.79263274871275374e-02
 4.79263274871275374e-02
 4.79263274871275374e-02
 4.79263274871275374e-02
 4.79263274871275374e-02
 4.79263274871275374e-02
 4.79263274871275374e-02
 4.79263274871275374e-02
 4.79263274871275374e-02
 4.79263274871275374e-02
 4.79263274871275374e-02
 4.79263274871275374e-02
 4.79263274871275374e-02
 4.79263274871275374e-02
 4.79263274871275374e-02
 4.79263274871275374e-02
 4.79263274871275374e-02
 4.79263274871275374e-02
 4.79263274871275374e-02
 4.79263274871275374e-02
 4.79263274871275444e-02
 4.79263274871275444e-02
 5.53207267940327985e-02
 5.53207267940836328e-02
 1.13823881347404496e-01
 2.15697327330642230e-01
