 3.94435209510984597e-02
 3.94435209510984597e-02
 3.94435209510984597e-02
 3.94435209510984597e-02
 3.94435209510984597e-02
 3.94435209510984597e-02
 3.94435209510984597e-02
 3.94435209510984597e-02
 3.94435209510984597e-02
 3.94435209510984597e-02
 3.94435209510984597e-02
 3.94435209510984597e-02
 3.94435209510984597e-02
 3.94435209510984597e-02
 3.94435209510984597e-02
 3.94435209510984597e-02
 3.94435209510984597e-02
 3.94435209510984597e-02
 3.94435209510984597e-02
 3.94435209510984597e-02
 3.94435209510984597e-02
 3.94435209510984597e-02
 3.94435209510984597e-02
 3.94435209510984597e-02
 3.94435209510984597e-02
 3.94435209510984597e-02
 3.94435209510984597e-02
 3.94435209510984597e-02
 3.94435209510984597e-02
 3.94435209510984597e-02
 3.94435209510984597e-02
 3.94435209510984666e-02
 3.94435209510984666e-02
 3.94435209510984666e-02
 3.94435209510984666e-02
 3.94435209510984666e-02
 3.94435209510984666e-02
 5.00956462172222061e-02
 5.00956462172247874e-02
 5.00956462172580039e-02
 5.00956462172580108e-02
 1.16731750066321721e-01
 1.17593447597062598e-01
 1.17593447597117484e-01
 1.17593447597124937e-01
 1.17593447597307360e-01
 1.17593447597527115e-01
 1.17593447597640233e-01
 1.17593447606611806e-01
 1.18339498348928152e-01
