 9.44731949412000063e+02
 1.18939750007000112e+03
 1.07822055536699918e+03
 1.07377155656000104e+03
 1.05682993631599675e+03
 9.52043470033000631e+02
 1.31340661276800529e+03
 9.19302828777996183e+02
 9.35625742985997931e+02
 1.00997493058699911e+03
 8.88408703020002577e+02
 7.14670718241999566e+02
 8.21647994633996859e+02
 7.60193491916004859e+02
 6.69566091562999645e+02
 1.03683410462499887e+03
 8.45787130051998247e+02
 8.18131387927001924e+02
 1.25467584092200195e+03
 1.40473118119799983e+03
 7.32579082429998380e+02
 1.31808742741500100e+03
 1.16088186751599983e+03
 1.53326050087700014e+03
 1.63563766679599939e+03
 1.39691753109899946e+03
 2.14161411845299881e+03
 9.54790428630999486e+02
 1.53734447073200045e+03
 1.06179918908999935e+03
 2.00480926238800021e+03
 1.21716214402100013e+03
 7.85185713708000549e+02
 1.38488752438799929e+03
 1.08709850442900097e+03
 1.40300482869500047e+03
 1.55200309210200066e+03
 8.57660554484995373e+02
 1.05869571858400013e+03
 1.64556477178199930e+03
 1.71303221358799965e+03
 9.87248160580002150e+02
 1.07225298542000382e+03
 1.13102117610799905e+03
 1.13976616758599994e+03
 1.38261002124299921e+03
 1.86732973689999926e+03
 1.96733444216300268e+03
 8.82642388277999999e+02
 9.36036535867002385e+02
