 1.88578409696300014e+03
 8.92633015925999644e+02
 8.19226641696004663e+02
 9.48920441741996910e+02
 1.27547241939399828e+03
 2.41956968947099813e+03
 1.39035569820999808e+03
 7.95326631258998532e+02
 7.96069661777997680e+02
 8.50585424910001166e+02
 9.00704263653999078e+02
 1.15048660848299915e+03
 1.02963259276499593e+03
 5.99669002419999742e+02
 6.04476840058996459e+02
 7.95724347087998467e+02
 1.65996355222499915e+03
 8.94977888037999946e+02
 1.30279490073700435e+03
 8.20987340668998513e+02
 1.06355429021999998e+03
 8.23757431116999214e+02
 1.63614211935399999e+03
 1.30905618322799910e+03
 1.26609341286700146e+03
 1.15733341829900019e+03
 1.10655104666599800e+03
 1.14524695233899547e+03
 1.85911303741500160e+03
 5.76464531423996959e+02
 1.26907453068499854e+03
 1.93087170516500191e+03
 1.28799256738600161e+03
 1.41477824190300089e+03
 1.47296105115899991e+03
 1.26180193736299952e+03
 8.87867495679995045e+02
 1.16377707494500282e+03
 1.47113766327700432e+03
 1.78810815684400040e+03
 9.74408301853996818e+02
 1.11376949174899983e+03
 1.18482059766199927e+03
 1.07643550744399545e+03
 1.34296715586199571e+03
 1.42263977629100009e+03
 1.02943304350199969e+03
 1.27672942038000110e+03
 8.53640108886000235e+02
 1.19133344279299854e+03
