 1.00526547973718350e-01
 1.00526547973718350e-01
 1.00526547973718364e-01
 1.00526547973718364e-01
 1.00526547973718364e-01
 1.00526547973718364e-01
 1.00526547973718364e-01
 1.00526547973718364e-01
 1.00526547973718364e-01
 1.00526547973718364e-01
 1.00526547973718364e-01
 1.00526547973718364e-01
 1.00526547973718364e-01
 1.00526547973718364e-01
 1.00526547973718364e-01
 1.00526547973718364e-01
 1.00526547973718364e-01
 1.00526547973718364e-01
 1.00526547973718364e-01
 1.00526547973718364e-01
 1.00526547973718364e-01
 1.00526547973718364e-01
 1.00526547973718364e-01
 1.00526547973718364e-01
 1.00526547973718364e-01
 1.00526547973718364e-01
 1.00526547973718364e-01
 1.00526547973718364e-01
 1.00526547973718364e-01
 1.00526547973718364e-01
 1.00526547973718364e-01
 1.00526547973718364e-01
 1.00526547973718364e-01
 1.00526547973718364e-01
 1.00526547973718364e-01
 1.00526547973718364e-01
 1.00526547973718364e-01
 1.00526547973718364e-01
 1.00526547973718364e-01
 1.00526547973718364e-01
 1.00526547973718378e-01
 1.09218500420360839e-01
 1.43111426692880045e-01
 1.43111459266924035e-01
 1.43111559746784578e-01
 1.43111613234897933e-01
 1.43111638578731937e-01
 2.60309994097982611e-01
 2.62661503003511654e-01
 2.62661599387482292e-01
