 5.65330735802650452e+02
 7.97991840407252312e+02
 4.47359986063092947e+02
 6.54330849952995777e+02
 5.44358557078987360e+02
 4.26516320347785950e+02
 5.28749461058527231e+02
 3.91829696565866470e+02
 8.10823144707828760e+02
 4.09330194432288408e+02
 5.07389739509671926e+02
 5.22710048519074917e+02
 5.77013551618903875e+02
 4.48135530166327953e+02
 4.07940350156277418e+02
 3.81855955954641104e+02
 6.21163044333457947e+02
 6.64525275450199842e+02
 4.24738970633596182e+02
 5.93762157171964645e+02
 7.05307039149105549e+02
 8.49111023135483265e+02
 3.30648660894483328e+02
 3.64076091721653938e+02
 4.37886145576834679e+02
 5.95466810576617718e+02
 4.89319691449403763e+02
 6.95770255833864212e+02
 8.94681404624134302e+02
 8.37980748154222965e+02
 7.71977116081863642e+02
 8.52256293833255768e+02
 7.47406250562518835e+02
 2.88797586534172297e+02
 7.84157287281006575e+02
 1.00254422451928258e+03
 8.14908529739826918e+02
 5.70350410118699074e+02
 5.74920894421637058e+02
 7.65773923475295305e+02
 1.13130622389540076e+03
 7.05761849921196699e+02
 3.81098496876657009e+02
 5.58269902687519789e+02
 9.43513097167015076e+02
 5.87388319447636604e+02
 5.84094284284859896e+02
 6.36931265324354172e+02
 5.34000463694334030e+02
 7.56478311765938997e+02
