 1.38184009621500445e+03
 1.38430973292200360e+03
 1.43878828508300649e+03
 1.05055199844398885e+03
 1.94501679323401186e+03
 1.31100978416998987e+03
 8.91005753028992331e+02
 8.48419809926999733e+02
 1.04061404121099622e+03
 1.02492687174299499e+03
 1.31767120597799658e+03
 1.17223691199999303e+03
 1.07979827626800397e+03
 1.59174734268098837e+03
 1.44213869856699603e+03
 1.71143739306498901e+03
 1.23933586203999585e+03
 1.74767341498099267e+03
 1.00742552358499961e+03
 1.66790605038101785e+03
 5.84174372394976672e+02
 1.46745915835100459e+03
 8.38798658818996046e+02
 4.18114297225984046e+02
 2.80811947610699281e+03
 1.18700648365200323e+03
 1.30474746016800054e+03
 1.96971843720899778e+03
 2.04551471984900127e+03
 9.67064299691992346e+02
 1.35792622747700079e+03
 1.24563542543299263e+03
 2.10614675046599586e+03
 1.00112379773898283e+03
 1.50571898202098964e+03
 8.81193624792009359e+02
 8.72778582608007127e+02
 8.56918073520006146e+02
 7.47742739189998247e+02
 2.18927413387999695e+03
 9.67236857907992089e+02
 1.48001368883598479e+03
 1.14994319428998278e+03
 1.51296084282500669e+03
 9.61803712818014901e+02
 1.02214757819299120e+03
 1.31232997827300278e+03
 1.63143706897400261e+03
 7.29824098776996834e+02
 1.05154073053301545e+03
