 1.28153048989600211e+03
 1.47587550893999287e+03
 9.08891149093979038e+02
 1.53477219231700292e+03
 1.04531015823700000e+03
 1.00119733803000418e+03
 1.20696495885899640e+03
 1.58037794021400623e+03
 1.06548529418300313e+03
 1.39526931578101357e+03
 1.57061323388500023e+03
 1.27677281629599747e+03
 1.37012363830799586e+03
 1.70914351799801807e+03
 2.01448961798200617e+03
 1.22810009971199906e+03
 1.14919905276701320e+03
 7.17995369587995810e+02
 1.37924537677099579e+03
 1.24018449569700169e+03
 1.13414234318099625e+03
 1.09668515008701070e+03
 1.12266696593999222e+03
 1.02833450194800389e+03
 1.90724203048797790e+03
 7.30454300158002297e+02
 8.83189367057988420e+02
 7.93561007611002424e+02
 7.07473648337996565e+02
 1.39265630040099495e+03
 1.40911152469099034e+03
 2.23390096095702029e+03
 1.04983025879898923e+03
 8.06329319298994960e+02
 1.43421065016699140e+03
 1.05174732981901616e+03
 1.08797262163800769e+03
 9.62335827373986831e+02
 1.10979437963300734e+03
 7.30611721043998841e+02
 1.30876536972899339e+03
 8.52990164676011773e+02
 1.26877993702699314e+03
 8.35111860372999217e+02
 9.50790039785002591e+02
 1.22981506049800373e+03
 1.05308318389797932e+03
 1.10394409402899328e+03
 1.04516219956900750e+03
 1.69150379425991559e+02
