 1.31146631866900134e+03
 7.25837048459994548e+02
 1.06412162818799879e+03
 1.01076299653999740e+03
 8.88107143189001363e+02
 1.03636472192699875e+03
 1.35693647443000373e+03
 1.75797580952999851e+03
 1.21822315884900308e+03
 1.20501188623999769e+03
 1.28690079853599309e+03
 1.14348995911700331e+03
 1.33292116440899918e+03
 1.03853402534300039e+03
 1.26569093865700052e+03
 1.30563583182399816e+03
 7.76413883515000180e+02
 9.08757255684002303e+02
 1.13238772842300023e+03
 1.07190897412300001e+03
 1.22374556911400032e+03
 1.68187988750399745e+03
 8.48671101551997708e+02
 1.74091013969100459e+03
 1.45596646769600193e+03
 1.14516422976500326e+03
 1.35660967583499951e+03
 2.16609007238999948e+03
 9.05906866190998699e+02
 9.18085682581004221e+02
 9.60051405122998403e+02
 1.27187031785600266e+03
 1.50701079069299976e+03
 1.20961175452400130e+03
 1.83014505661899966e+03
 8.09968670955000562e+02
 8.97772323263001454e+02
 1.38642295953299981e+03
 1.75180395732400029e+03
 1.22231596013799935e+03
 1.32384198620999814e+03
 1.23098888740199982e+03
 8.07878433387995756e+02
 1.08206393421399844e+03
 1.40124034873000346e+03
 1.32014990510699863e+03
 1.08945245837500079e+03
 1.54685809264199997e+03
 2.60398380507998809e+02
 2.55153375989975757e+01
