 1.78076719655998750e+03
 1.46337583291600458e+03
 9.02528101663003326e+02
 1.29382336292800028e+03
 1.15904098419399816e+03
 1.36730779420898762e+03
 1.19028290373799973e+03
 1.13189353587501682e+03
 1.87247557817198685e+03
 6.41069444313994609e+02
 1.51804061885600095e+03
 7.12168251580995275e+02
 9.89953872965998016e+02
 9.42174846298992634e+02
 8.93420243063010275e+02
 9.50354977277020225e+02
 9.88121649215987418e+02
 8.48695333937008400e+02
 7.87609526549989823e+02
 1.00083908043202246e+03
 1.17016098621202400e+03
 8.18504103018989554e+02
 2.30085414502801723e+03
 1.06220246877099271e+03
 1.74087037533900002e+03
 2.08056907246699848e+03
 1.32589174585801084e+03
 1.96598597870999947e+03
 1.91760081610099587e+03
 9.15092019145988161e+02
 1.46244127277900407e+03
 1.22372293308199733e+03
 1.92521075862800353e+03
 1.98737394047301495e+03
 8.82651256508979714e+02
 1.64762553948399727e+03
 1.51647963918300229e+03
 1.46293561265800963e+03
 1.27032240898898453e+03
 1.31642757051199442e+03
 1.21417853594999178e+03
 7.40607993498997530e+02
 1.25127997908800899e+03
 1.44478116915600549e+03
 8.03537849537999136e+02
 1.18432224517801660e+03
 1.58698880057697534e+03
 1.19082193946800544e+03
 4.90745493495007395e+02
 2.94634335219001514e+02
