 4.48121213509871524e-02
 4.48121213509871524e-02
 4.48121213509871524e-02
 4.48121213509871524e-02
 4.48121213509871524e-02
 4.48121213509871524e-02
 4.48121213509871524e-02
 4.48121213509871524e-02
 4.48121213509871524e-02
 4.48121213509871524e-02
 4.48121213509871524e-02
 4.48121213509871524e-02
 4.48121213509871524e-02
 4.48121213509871524e-02
 4.48121213509871524e-02
 4.48121213509871524e-02
 4.48121213509871524e-02
 4.48121213509871524e-02
 4.48121213509871524e-02
 4.48121213509871524e-02
 4.48121213509871524e-02
 4.48121213509871524e-02
 4.48121213509871524e-02
 4.48121213509871524e-02
 4.48121213509871594e-02
 4.48121213509871594e-02
 4.48121213509871594e-02
 4.48121213509871594e-02
 4.48121213509871594e-02
 4.48121213509871594e-02
 4.48121213509871594e-02
 4.48121213509871594e-02
 4.48121213509871594e-02
 4.48121213509871594e-02
 4.48121213509871594e-02
 4.48121213509871594e-02
 4.48121213509871663e-02
 4.48121213509871663e-02
 4.48121213509871663e-02
 4.92615798045751424e-02
 4.92615798045751424e-02
 4.92615798045751424e-02
 4.92615798045751424e-02
 4.92615798045751493e-02
 4.92615798045752257e-02
 4.92615798045786465e-02
 4.92615798046323466e-02
 1.70266684142354824e-01
 1.70266684395289969e-01
 2.14138580221436281e-01
