 1.16491133369721514e-01
 1.16491133369721514e-01
 1.16491133369721514e-01
 1.16491133369721528e-01
 1.16491133369721528e-01
 1.16491133369721528e-01
 1.16491133369721528e-01
 1.16491133369721528e-01
 1.16491133369721528e-01
 1.16491133369721528e-01
 1.16491133369721528e-01
 1.16491133369721528e-01
 1.16491133369721528e-01
 1.16491133369721528e-01
 1.16491133369721528e-01
 1.16491133369721528e-01
 1.16491133369721528e-01
 1.16491133369721528e-01
 1.16491133369721528e-01
 1.16491133369721528e-01
 1.16491133369721528e-01
 1.16491133369721528e-01
 1.16491133369721528e-01
 1.16491133369721528e-01
 1.16491133369721528e-01
 1.16491133369721528e-01
 1.16491133369721528e-01
 1.16491133369721528e-01
 1.16491133369721528e-01
 1.16491133369721528e-01
 1.16491133369721528e-01
 1.16491133369721528e-01
 1.16491133369721528e-01
 1.16491133369721528e-01
 1.16491133369721528e-01
 1.53967713054916133e-01
 1.53967713054952160e-01
 1.53967713054991018e-01
 1.53967713055749439e-01
 1.53967713055756295e-01
 1.53967713055782329e-01
 1.53967713055829070e-01
 1.53967713055970651e-01
 1.53967713056105460e-01
 1.53967713056413325e-01
 1.53967713056710559e-01
 1.53967713057726385e-01
 1.53967713075728929e-01
 2.73651458956411131e-01
 2.77032285121697308e-01
