 6.23472520220995648e+02
 1.30113494120800169e+03
 9.57349234007997438e+02
 8.81294890502002090e+02
 1.62338598905800609e+03
 9.43532079642987810e+02
 1.66620234320499003e+03
 1.08320702639999217e+03
 8.65374543012992945e+02
 1.37322654906898970e+03
 1.04866163325597881e+03
 1.04754596188999130e+03
 1.39706703091601958e+03
 1.60091701823199401e+03
 1.48313560482597677e+03
 1.05382397287897766e+03
 9.04908604344003834e+02
 1.51504533248400548e+03
 1.98816517470398685e+03
 9.43976064446993405e+02
 1.70163562924601138e+03
 9.58766132545017172e+02
 1.64489157591501134e+03
 1.24862873458900140e+03
 8.39040599828993436e+02
 1.30652990076100104e+03
 1.58169332470299560e+03
 1.48183544366198475e+03
 1.25386570667702472e+03
 1.04218046463001519e+03
 1.85843614443199476e+03
 1.46436160078397370e+03
 1.43122193733201129e+03
 1.22626044554499094e+03
 1.71390191555398633e+03
 1.54097344109599362e+03
 1.61583176355602336e+03
 7.00739593726990279e+02
 5.23476656106999144e+02
 9.02671632123005111e+02
 9.16803762849012855e+02
 9.39415587563998997e+02
 8.98132157292013289e+02
 9.38220481172989821e+02
 1.22198477034902317e+03
 1.35563421919100801e+03
 7.18559555487008765e+02
 1.57640441765301512e+03
 1.36158186761700199e+03
 1.96765632472990546e+02
