 6.83642823225732305e-02
 6.83642823225732443e-02
 6.83642823225732443e-02
 6.83642823225732443e-02
 6.83642823225732443e-02
 6.83642823225732443e-02
 6.83642823225732443e-02
 6.83642823225732443e-02
 6.83642823225732443e-02
 6.83642823225732443e-02
 6.83642823225732443e-02
 6.83642823225732443e-02
 6.83642823225732443e-02
 6.83642823225732443e-02
 6.83642823225732443e-02
 6.83642823225732443e-02
 6.83642823225732443e-02
 6.83642823225732443e-02
 6.83642823225732443e-02
 6.83642823225732443e-02
 6.83642823225732443e-02
 6.83642823225732443e-02
 6.83642823225732443e-02
 6.83642823225732443e-02
 6.83642823225732443e-02
 6.83642823225732443e-02
 6.83642823225732443e-02
 6.83642823225732443e-02
 6.83642823225732443e-02
 6.83642823225732443e-02
 6.83642823225732443e-02
 6.83642823225732443e-02
 6.83642823225732443e-02
 6.83642823225732443e-02
 6.83642823225732443e-02
 6.83642823225732443e-02
 7.30360481090484848e-02
 7.30360481094021186e-02
 7.30360481176748899e-02
 1.13570222147878430e-01
 1.13570222151308617e-01
 1.13570222151366140e-01
 1.13570222151997038e-01
 1.13570222154899647e-01
 1.13570222219216088e-01
 1.17914162766681235e-01
 1.20168678388134928e-01
 1.62724973861341216e-01
 1.89924340284330029e-01
 7.79801113011418856e-01
