 1.18431058594999195e+03
 1.33660652311801095e+03
 1.32968052715199883e+03
 1.46428790719699464e+03
 7.35312104087992338e+02
 1.32656325274298433e+03
 1.54019376888300758e+03
 1.18201132121201954e+03
 7.75053275568992831e+02
 1.52898104855098063e+03
 1.11755863216400030e+03
 1.68140085347101558e+03
 1.18000333029698231e+03
 2.29048578955902485e+03
 2.16176239659902058e+03
 6.83922706502999063e+02
 9.53527186127990717e+02
 6.75216213580992189e+02
 1.05858929066899873e+03
 1.29957131871700403e+03
 1.64688755290499830e+03
 1.18303504181501921e+03
 1.08805675944199902e+03
 8.34662309387989808e+02
 1.12542108528199606e+03
 1.31393822718900628e+03
 8.07807612307995441e+02
 1.45666990274500859e+03
 1.28601361983300012e+03
 1.22569544179900549e+03
 1.24003112235499430e+03
 1.09455936569100595e+03
 8.70481032482988667e+02
 1.75531277014801162e+03
 1.58137645175500074e+03
 1.09856885806398350e+03
 1.74526230801397469e+03
 9.01428055124008097e+02
 5.73830444940016605e+02
 1.61989027731900569e+03
 1.23711151479699765e+03
 9.78151958058006130e+02
 8.93353362647001632e+02
 2.03247158261199365e+03
 1.43249298127699876e+03
 1.32049089457500668e+03
 1.31855683444399619e+03
 1.45669158750300994e+03
 1.39044447672099341e+03
 1.52297463540200260e+03
